parameters:
  1:
    image_size: [1920, 1200]
    camera_matrix: [672.2824725267757, 0, 984.0472159818853, 0, 672.6886411532304, 602.96669930345, 0, 0, 1]
    distortion_coefs: [-0.09715103386082896, 0.06788948036532018,
                      -0.0007157453506997161, 0.0003048354358359307, -0.003636308978789861]
    rotation: [0, 0, 0]
    translation: [0, 0, 0]
  2:
    image_size: [1920, 1200]
    camera_matrix: [685.7143789189881, 0, 991.0247637161314, 0, 686.3020333004097, 601.2442243349392, 0, 0, 1]
    distortion_coefs: [-0.09781628655937251, 0.07153618281495966,
                       -0.001066517414175782, 0.0004679942401339674, -0.003645360450147547]
    rotation: [0.01175419895518242, 2.170836441913732, 2.19333242876324]
    translation: [-0.06677747450343367, -1.174973690204363, 1.140354306665756]
