image_size: [1920, 1200]
camera_matrix: [1049.749496618372, 0, 912.9238734274475, 0, 1028.307877419058, 523.1240537565553, 0, 0, 1]
distorsion_coefs: [-0.1519539, 0.337941, 0.0, 0.0, -0.1424794]